# Updated Mar 14 2016 with values from data cloning fits
p.farm <-
list(structure(c(0.045, -0.056, 6.848, 1.547, 0.041, -0.06, 6.121, 
1.231, 0.048, -0.053, 7.574, 1.863), .Dim = c(4L, 3L), .Dimnames = list(
    c("r[1]", "r[2]", "f0", "k"), c("Est", "2.5%", "97.5%"))), 
    structure(c(0.008, -0.024, 2.861, 1.284, 0.005, -0.027, 2.444, 
    0.986, 0.011, -0.022, 3.279, 1.582), .Dim = c(4L, 3L), .Dimnames = list(
        c("r[1]", "r[2]", "f0", "k"), c("Est", "2.5%", "97.5%"
        ))), structure(c(0.013, -0.048, 6.177, 0.638, 0.011, 
    -0.062, 5.524, 0.494, 0.016, -0.033, 6.83, 0.781), .Dim = c(4L, 
    3L), .Dimnames = list(c("r[1]", "r[2]", "f0", "k"), c("Est", 
    "2.5%", "97.5%"))))


#------------------------------------------
# Updated Mar 5, 2016
#Both species
p.lice <-
structure(c(0.779323476321289, 0.692875591110673, 0.846817993028026, 
0.287050292851631, 0.249499017607302, 0.32778487180687, 0.945509833433314, 
0.701242926637171, 0.992264614317467, 0.463815701668842, 0.409665959621754, 
0.518832368217566, 4.08608905418836, 3.79094676943403, 4.40420949546874, 
0.00992556862618122, 0.00887878058534051, 0.0110957705966618, 
4.79084669307185, 4.4058947587514, 5.20943265631292, 0.594516925825682, 
0.543126545344718, 0.650769840146347), .Dim = c(3L, 8L), .Dimnames = list(
    c("mean", "2.5%", "97.5%"), c("Csc", "Csh", "Psc", "Psh", 
    "V", "k", "phi", "r")))


fitted.param <-
structure(c(1.2617282697686, -0.909753444143292, 2.85370403287051, 
-0.144990663497052, 1.40758829111347, -4.61264116173957, 1.56670715844763, 
-0.52000609256578), .Names = c("Csc.log", "Csh.log", "Psc.log", 
"Psh.log", "V.log", "k.log", "phi.log", "r.log"))
