fitted.param <-
structure(c(1.15540257729753, -0.963735271462626, 2.42882522557869, 
-0.210870934698987, 1.38047105770096, -4.57613274365935, 1.78010790189055, 
-0.526678789552618), .Names = c("Csc.log", "Csh.log", "Psc.log", 
"Psh.log", "V.log", "k.log", "phi.log", "r.log"))
