Lice.boot <-
structure(c(0.04088, 0, 0, 0.01972, 0, 0, 0.01902, 0, 0, 0, 0, 
0, 0, 0.180959183673469, 0.0612040816326531, 0, 0, 0, 0, 0.11824, 
0.01944, 0, 0, 0, 0.02052, 0.01994, 0, 0.01898, 0, 0, 0, 0, 0.01972, 
0.04058, 0, 0.0408, 0.04024, 0.09848, 0, 0.11736, 0.04034, 0.04132, 
0.0432258064516129, 0.0523118279569892, 0.0106989247311828, 0.0994, 
0.5172, 0.02008, 0.12118, 0.83628, 0, 0.304359550561798, 0.478921348314607, 
0.0225056179775281, 0.212433333333333, 0.690077777777778, 0.0546666666666667, 
0.216102272727273, 0.628215909090909, 0.0565227272727273, 0.196, 
0.533892857142857, 0, 0.163235294117647, 0.82575, 0.0728970588235294, 
0.1493125, 0.6053, 0.013175, 0.0813882352941177, 0.280811764705882, 
0.0591764705882353, 0.0331864406779661, 0.100762711864407, 0.0174237288135593, 
0.196, 0.282722222222222, 0, 0.23802, 0.19894, 0, 0.2172, 0.18176, 
0, 0.138, 0.458541666666667, 0, 0.344810344827586, 0.451396551724138, 
0.0343793103448276, 0.354258064516129, 0.316709677419355, 0, 
0.626111111111111, 0.391, 0.0540555555555556, 0.294391304347826, 
0.85070652173913, 0.0111847826086957, 0.25874, 0.58088, 0, 0.275, 
0.48524, 0, 0.259260869565217, 0.825869565217391, 0, 0.27988, 
0.47678, 0, 0.601651162790698, 0.604418604651163, 0.116651162790698, 
0.767162790697674, 1.37381395348837, 0.0227209302325581, 0.33397619047619, 
1.00664285714286, 0, 0.631903846153846, 1.80169230769231, 0.0377307692307692, 
0.518481481481481, 1.81744444444444, 0, 0, 0, 0.112777777777778, 
0, 0.0776078431372549, 0, 0, 0.211, 0.1002, 0, 0.05964, 0, 0, 
0.09908, 0, 0, 0.03838, 0.01996, 0, 0.0386923076923077, 0.0374038461538462, 
0, 0.16008, 0.12038, 0, 0.0397843137254902, 0, 0, 0.06006, 0, 
0.10232, 0.15956, 0.1224, 0, 0.155745098039216, 0, 0, 0.08014, 
0.02058, 0, 0.17726, 0.14058, 0.03948, 0.32464, 0.14006, 0.09904, 
0.3982, 0.26306, 0, 0.13958, 0.11948, 0.04052, 0.57596, 0.70394, 
0, 0.414, 0.2424, 0.02102, 0.33854, 0.25892, 0.0146571428571429, 
0.269814285714286, 0.126257142857143, 0.10144, 0.40388, 0.059, 
0.0516166666666667, 0.279666666666667, 0.1331, 0.03825, 0.381711538461538, 
0.136057692307692, 0.06076, 0.3779, 0.1594, 0.0513728813559322, 
0.137084745762712, 0.11735593220339, 0.0376730769230769, 0.248019230769231, 
0.152096153846154, 0.0818, 0.2017, 0.18364, 0.048983606557377, 
0.377704918032787, 0.147295081967213, 0.0396326530612245, 0.669142857142857, 
0.164183673469388, 0.094078431372549, 0.936980392156863, 0.117921568627451, 
0.0902777777777778, 0.812166666666667, 0.243037037037037, 0.199272727272727, 
0.782309090909091, 0.200818181818182, 0.156705882352941, 1.08049019607843, 
0.198607843137255, 0.104163265306122, 0.751387755102041, 0.207081632653061, 
0.136470588235294, 0.98743137254902, 0.29, 0.03934, 0.51518, 
0.0379, 0.03962, 1.39474, 0.28168, 0.10046, 1.24652, 0.27902, 
0.15982, 1.42236, 0.50434, 0.0984193548387097, 1.25967741935484, 
0.193193548387097, 0, 0, 0.0160491803278689, 0.02014, 0.01976, 
0.0189, 0.0199, 0, 0.07966, 0, 0.02042, 0.08174, 0.01974, 0.0394, 
0.04124, 0, 0, 0, 0, 0.0587, 0.061, 0, 0, 0, 0, 0.0611224489795918, 
0.0201632653061224, 0.0418, 0.06068, 0, 0.01888, 0.09986, 0.08006, 
0, 0.0199, 0.1381, 0.051448275862069, 0.15548275862069, 0.0511724137931035, 
0.02052, 0.10046, 0.07986, 0.10092, 0.05814, 0.0811, 0.16822641509434, 
0.193981132075472, 0.112188679245283, 0.0628095238095238, 0.17531746031746, 
0.0466507936507937, 0.125875, 0.145321428571429, 0.0181428571428571, 
0.0408979591836735, 0.34630612244898, 0.123448979591837, 0.10725, 
0.196214285714286, 0.249142857142857, 0.0132972972972973, 0.267851351351351, 
0.229918918918919, 0, 0.15992, 0.1583, 0.03826, 0.20236, 0.14058, 
0, 0, 0.134847457627119, 0.0332166666666667, 0.0685333333333333, 
0.169, 0, 0.20014, 0.12094, 0.1398, 0.0991, 0.12022, 0.0386274509803922, 
0.195, 0.118, 0.0873, 0.1127, 0.0283714285714286, 0.06835, 0.1335, 
0.0827833333333333, 0.06028, 0.24178, 0.20136, 0.16078, 0.14256, 
0.24166, 0.13992, 0.36156, 0.35758, 0.20028, 0.1398, 0.40144, 
0.0578627450980392, 0.136745098039216, 0.235254901960784, 0.0687666666666667, 
0.237033333333333, 0.0666333333333333, 0.0338333333333333, 0.133966666666667, 
0.8676, 0.19538, 0.27972, 0.69978, 0, 0.28646511627907, 1.01327906976744, 
0.0996, 0.1387, 0.71732, 0.0731666666666667, 0.449857142857143, 
0.541261904761905, 0.28221875, 0.74778125, 0.91040625, 0.646461538461538, 
0.948230769230769, 1.0815, 0.28394, 0.35862, 1.07856, 1.380375, 
0.51975, 0.886, 0, 0, 0.02, 0, 0.01994, 0.02012, 0, 0.02106, 
0, 0.02018, 0, 0.0804, 0.0197058823529412, 0.0998823529411765, 
0.0192549019607843, 0.0197843137254902, 0, 0.058921568627451, 
0, 0.06104, 0, 0, 0, 0.0195510204081633, 0, 0.01996, 0.0405, 
0, 0.01906, 0.0602, 0.02038, 0.04038, 0, 0, 0.01998, 0.06088, 
0.03962, 0.09936, 0, 0.11856, 0.15858, 0.0211, 0, 0, 0, 0.10134, 
0.4931, 0, 0.1021, 0.15958, 0.04082, 0.273545454545455, 0.365090909090909, 
0.0914545454545455, 0, 0.8062, 0.0982, 0.4145, 0.24675, 0, 0.114818181818182, 
0.0651590909090909, 0.0446136363636364, 0.2495625, 0.27959375, 
0, 0.20275, 0.29385, 0, 0.128666666666667, 0.2008, 0, 0.2612, 
0.277333333333333, 0, 0.09403125, 0.047125, 0.0156875, 0.11844, 
0.19848, 0.01928, 0.10136, 0.15946, 0, 0.104464285714286, 0.280892857142857, 
0, 0.262833333333333, 0.289142857142857, 0.0230952380952381, 
0.462710526315789, 0.260868421052632, 0, 0.394214285714286, 0.246821428571429, 
0.071, 0.12975, 0.617125, 0, 0.17938, 0.3386, 0, 0.28118, 0.15924, 
0, 0.145703703703704, 0.336166666666667, 0, 0.2417, 0.26056, 
0, 0.469824561403509, 0.194280701754386, 0, 0.296526315789474, 
0.222666666666667, 0, 0.25951724137931, 0.629362068965517, 0, 
0.499875, 1.591, 0, 0.564, 0.690708333333333, 0, 0, 0.0303333333333333, 
0.0596969696969697, 0.0409591836734694, 0.061734693877551, 0.0201428571428571, 
0, 0.1116, 0.0218222222222222, 0, 0.0398, 0.04132, 0.10258, 0.16158, 
0.0401, 0, 0.03998, 0.02008, 0.0230952380952381, 0.165547619047619, 
0.0485, 0.01998, 0.1373, 0.02038, 0.041, 0.101755102040816, 0, 
0.03986, 0.07962, 0.02128, 0.08058, 0.07894, 0.059, 0.0201428571428571, 
0.0826734693877551, 0.0206938775510204, 0.02052, 0.26218, 0.04038, 
0.10224, 0.15794, 0.02158, 0.03996, 0.2609, 0.02128, 0.13682, 
0.2614, 0.07902, 0.05998, 0.40152, 0.19684, 0, 0.21542, 0.22106, 
0.10066, 0.37616, 0.06082, 0.06092, 0.18424, 0.12134, 0, 0.335166666666667, 
0.133033333333333, 0.05956, 0.26338, 0.11766, 0.024475, 0.301925, 
0.0746, 0.101625, 0.270645833333333, 0.0410416666666667, 0.0581, 
0.2189, 0.1403, 0.0250731707317073, 0.0494390243902439, 0.0510731707317073, 
0.0421458333333333, 0.2301875, 0, 0, 0.1002, 0.0594, 0.077, 0.329589743589744, 
0.103692307692308, 0.0387450980392157, 0.256352941176471, 0.100235294117647, 
0.0604489795918367, 0.325551020408163, 0.0205918367346939, 0.0440652173913043, 
0.601608695652174, 0.0645652173913043, 0.0681777777777778, 0.307377777777778, 
0.110511111111111, 0.123714285714286, 0.699428571428571, 0.0829795918367347, 
0.0381764705882353, 0.294117647058824, 0.0775490196078431, 0.0641428571428571, 
0.309836734693878, 0.0205102040816327, 0.0414, 0.302, 0.01916, 
0.0213, 0.75914, 0.03906, 0.06072, 0.77816, 0.08044, 0.12138, 
0.7816, 0.04154, 0.0147826086956522, 0.724797101449275, 0.0426521739130435, 
0, 0.0543055555555556, 0, 0, 0.0196, 0.01994, 0, 0.03976, 0.02118, 
0.03898, 0.10218, 0.08106, 0, 0.13854, 0.021, 0, 0, 0, 0, 0.05992, 
0.0406, 0, 0.146092592592593, 0.0374444444444444, 0.0201764705882353, 
0.116392156862745, 0.0388627450980392, 0.05958, 0.10096, 0, 0.07936, 
0.13934, 0, 0.0187, 0.1398, 0.03894, 0.024, 0.232571428571429, 
0, 0.0599, 0.25788, 0, 0.0394, 0.48258, 0.05952, 0.151255319148936, 
0.45036170212766, 0, 0.081972972972973, 0.300567567567568, 0.0813783783783784, 
0.114090909090909, 0.324863636363636, 0.0918636363636364, 0, 
0.292254901960784, 0.0394705882352941, 0.1145, 0.632681818181818, 
0.0231590909090909, 0, 0.439037037037037, 0.18037037037037, 0, 
0.38448, 0.1765, 0.041, 0.21952, 0.04026, 0, 0.216121951219512, 
